9.605
1.406
1.403
1.411
1.388
1.335
1.205
1.228
1.19
1.126
1.08
1.057
0.98
0.874
0.818
0.783
0.667
0.675
0.633
0.591
0.53
0.455
0.425
0.388
0.338
0.318
0.314
0.248
0.191
0.147
0.136
0.097
0.091
0.087
0.065
0.061
0.058
0.061
0.052
0.05
0.052
0.053
0.046
0.06
0.053
0.053
0.052
0.047
0.051
0.052
0.052
0.046
0.052
0.05
0.046
0.046
0.046
0.053
0.048
0.044
0.046
0.051
0.414
0.348
0.182
0.121
0.081
0.066
0.055
0.058
0.049
0.054
0.046
0.042
0.046
0.048
0.056
0.051
0.046
0.048
0.045
0.044
0.056
0.062
0.051
0.054